1.142997333988339
1.551207770124037
1.574178197005424
1.556558783019065
1.658562891349487
1.574560726550636
1.663649953751032
1.456720549764229
1.725139885419316
1.534057895852636
1.706828059236188
1.584427474836775
1.737024719940493
1.631680589763973
1.570668868326576
1.571105377597877
1.524998264546269
1.605655703644472
1.527279800322496
1.49795619021034
1.61312475384148
1.572053580738351
1.590040615347505
1.646328089369524
1.596777685920639
1.448044390537722
1.670765514873716
1.644974381894336
1.59627439177202
1.66738505968563
1.709462647221587
1.58677568991423
1.547372122100328
1.5814625157265
1.56846582543234
1.533993761183295
1.708779070861505
1.83089004583492
1.683520203924076
1.72886828723442
1.666028502721215
1.785907794878973
1.716796378114403
1.70130836048993
1.833013767144323
1.833824150376732
1.794975132759848
1.765708596014676
1.795978167633918
1.877655479444361
1.678152308311623
1.817189495123044
1.892301458245307
1.68973965766546
1.645989478077799
1.786136829999918
1.643125901050926
1.851080705973948
1.798578217536473
1.752507324625325
1.74448819461493
1.670202728681555
1.676245790416016
1.667138898080175
1.681701011741974
1.930749567520647
1.851592906502363
1.719225732418658
1.777353168940968
1.774796020249186
1.780129196350207
1.829214357943275
1.735707623116244
2.112861349693254
1.933104849719255
1.962073464343204
1.902867858018863
2.094305226349632
1.9719708236068
2.079052084115463
1.869385890442121
2.059325564118698
2.070998266914056
2.14946596333829
1.966740030990475
2.235141302280044
2.150038200022005
1.905192788994971
1.995585879046867
1.898898042230756
2.218467417246619
1.96854818106237
2.042724678355944
1.908380486607309
1.94119486851507
2.010128554135706
1.927583153947693
2.022640580816206
1.969223817665895
2.035491160769898
1.962071962413932
1.956380093321945
1.91749692108497
2.236087303075586
2.033936734422919
2.08757313054325
2.074665465915574
2.280333301862498
2.022370200773528
2.200849446365821
2.38330799103944
2.386582888640074
2.618948035167342
2.585241108447566
2.726431260982512
2.701892316455947
2.446975138081089
2.468687128978063
2.341737477890064
2.491742307761995
2.366077016343398
2.565978724623713
2.574596920708654
2.440530843551783
2.360481318191218
2.620277545578745
2.542040001738943
2.34843397673152
2.627814397956125
2.394118592761011
2.478049910363856
2.322431351413393
2.467230552902684
2.384734231007529
2.580437898393471
2.270443740396756
2.339105286761532
2.589320018686171
2.670880211730255
2.52500482517516
2.55219730378436
2.127914107767816
2.65414546128647
2.584669056101543
2.33082070350847
2.459325101250102
2.28821709265129
1.731764155785282
1.625606260524585
1.742433415854826
1.683755864223011
1.802315451692506
1.673514905574832
1.742104714048382
1.615321640259118
1.598760879393969
1.6068259383089
1.687035870417256
1.636742972299071
1.604073650675883
1.663750391968706
1.676667447338967
1.553311474360348
1.698181620810392
1.630790205099018
1.687277562326992
1.630302431961034
1.712935430826144
1.660756952509681
1.764496643686826
1.705257593597615
1.762037689237612
1.702131947028793
1.686827604852954
1.899365436617998
1.613378627084618
1.699896667412262
1.682333070826053
1.613801441492009
1.768425017902552
1.666605873320861
1.628957379001057
1.635009658941933
1.610530852780036
1.877432204528877
1.85817866485045
1.918759344888244
1.875980488816546
1.787087817880075
1.749996388823641
1.762211189774584
1.82420747729741
1.711943919978717
1.852712886895052
1.762212986089599
1.738070976743392
1.891810530833776
1.791829440326871
1.715190208814796
1.771189901188832
1.670355312847747
1.90773355562984
1.935312006796295
1.819273225454855
1.898001028726784
1.737873671255103
1.760392402063269
1.770353814253357
1.880915998741112
1.751482292427686
1.789355139586784
1.914731327267557
1.736472931013471
1.83106119414994
1.719982466503464
1.905479957958688
1.820019346452831
1.842473068543273
1.784356371674257
1.876867251780763
1.862708503753453
1.694667967121166
1.857118785491678
1.760124442179479
1.804925948063719
1.789890492485309
1.764203711621523
1.686163751116342
1.868418926179637
1.776713752980431
1.760310201341766
1.75788414956586
1.77251677975517
1.754203322261736
1.757738301845701
1.897021597152547
1.899556532514769
2.010035631058425
1.869773565218339
1.996175390228013
2.013445147928063
1.907238244834819
1.944580711076807
1.76056203017423
1.758366168545775
1.822856993673407
1.795636392744635
1.835588003707959
1.896950654128161
1.809047599910356
1.911900935623528
1.823817851664055
1.896609119848828
1.7845722814002
1.805574445730028
1.786936680078535
1.982027628563554
1.773935978931726
1.777594855006056
2.357931924110214
2.195464237720681
2.115974620226083
2.334590053152946
2.232650148604763
2.53043852711702
2.458226374595856
2.262835564790138
2.323300107476429
2.475833324931542
2.240672104805241
2.437603057329736
2.589143653187084
2.322676058170312
2.32507392428526
2.527754703910813
2.29146499215213
2.325072142363087
2.469609250202923
2.451620412083802
2.262691222436719
2.096319473755078
2.174872896685832
2.646280630851582
2.497195522561698
2.528076760644719
2.383003490277098
2.434521001899584
2.381014655739589
2.360591863355326
2.282538790344821
2.382053927743772
2.317324238243145
2.247419130586442
2.549928174242751
2.282792601759312
2.3473259796689
1.850743569553043
1.827848201082085
1.880609338059586
1.886225234986488
1.957230702417378
1.890393426633155
1.863002354381305
1.904794563830818
1.880158223785643
1.814347463153609
1.811972764984241
2.057799392702071
2.037415167774692
1.833590114127533
1.707384406561649
1.872791014776541
1.87881704741036
1.989271930042076
2.062673441302256
1.892117868909038
1.902388953600506
1.934489707234325
1.799562776479267
1.876111795701233
1.844708484500671
1.970016911538631
1.813750636578938
1.997599124723893
2.007030923115276
1.990707269918732
1.943516780977841
1.818471583582999
1.939530412645909
1.911124304451042
1.995028491608858
1.83985332948711
1.946454877156807
2.283940757055168
2.200174069662947
2.420526329602878
2.172893096617392
2.031501749728806
2.060100038888868
2.196016632831014
2.097326690868462
2.446331206839844
2.119009820845707
2.12803369166949
2.020413602576205
2.212388319504191
2.015991071372658
1.99971640458232
2.214781756507552
2.233000941309338
2.186509038130604
2.184579628522707
2.210240341141259
2.026277174743459
2.199171415128355
2.262623277406411
2.051430388322967
2.035183731443774
1.981265017776895
2.239502967714563
2.366621909547605
2.131452375630431
2.229307248529026
2.208346926187578
2.165323708553625
2.296718780523533
2.065430042027844
2.168508701890637
2.147892572716532
2.173145962626532
2.039571602090784
2.088651123248584
1.931156794427699
1.83225197557706
1.868495092594411
1.969152900036021
2.040353662517089
1.864836222127567
1.939183974500825
1.954418149534593
1.93795293532248
1.702021520350248
2.205809412756146
2.090898180577974
1.867756421020023
2.095620006962943
1.96756527998575
1.845315714963718
1.884196682672769
1.894033312171516
1.81818207011794
1.784562224003403
1.855050223162219
2.160638125866435
2.15067827921215
1.71455747295244
1.964804136857778
2.056805954528895
1.880419165963046
1.983656790078832
2.060082838593736
1.937603114633382
1.984895430967305
2.044784900897111
1.861897103614144
2.110908016478447
1.933713218870169
1.580092925476845
1.586647215419593
1.618667151606669
1.639669158875085
1.730631156507123
1.669306116125353
1.672505662240038
1.826705235730599
1.552667650397732
1.633338364721784
1.515445798474661
1.690934033676373
1.770296589426551
1.739605489649372
1.693906259955358
1.641896669441124
1.718202961399408
1.642902517565626
1.612035871842186
1.677780927599248
1.696503729904959
1.656666030862763
1.740529705008189
1.702153572005491
1.61866630428738
1.686336090889232
1.77198895003127
1.789012570315531
1.706453165393603
1.69425193868129
1.667074601837687
1.584926069901107
1.729031986540978
1.764118482235515
1.578529077091171
1.742623283998674
1.586840718409326
2.427834352019191
2.397390830304452
2.412765835129783
2.503387814946285
2.445290103132486
2.420408035456033
2.36011237972306
2.262499200155045
2.366666344877428
2.458829220579557
2.436224463346961
2.37409031620194
2.565272962644718
2.430649219625681
2.235237961058686
2.580514881986945
2.333217507297621
2.218188117244341
2.442710736900406
2.253365207696473
2.589178806060925
2.475171052615411
2.408757255845076
2.59336727230436
2.280406004250651
2.340345579728811
2.388883193754108
2.598179739645714
2.226909382207853
2.468416713722186
2.523786121061897
2.431972101060861
2.403482097749844
2.237247619032175
2.384657272283229
2.56290428732438
2.489819093585454
1.872063810055668
1.947575968639326
1.919246021918969
1.907410087754394
1.812208884825797
1.892842865823172
1.846809596533106
2.012407580563428
1.892574698719625
2.048595630136711
1.865791004740823
2.070035917554178
2.027170789579093
1.932818588621921
2.000313143731299
1.941933017898553
1.982137212205339
2.072134380689621
1.993071199194737
1.984398897247218
1.862393880211586
1.967102824634069
1.901514403750525
1.970923394693697
1.921996663366392
1.939449132794933
1.978549938466984
1.964751712170215
2.062789107339015
1.937851230477934
1.952116066173396
1.866273915698755
2.093954652625548
1.968260486284131
1.896926381157982
2.127609217655446
1.9135951466576
1.849709033648159
1.846240771227801
1.872314156996156
1.878184394008627
2.00834062729797
2.046088611613346
1.934927613105952
1.992868165662698
1.982276741441798
1.956821363337328
1.95654030313211
2.149450671023396
1.999778296086467
1.984382729095812
1.914193929966726
2.083337086884453
1.972100704955578
1.851269562172984
2.00381977656468
2.053563195861277
1.947041691158512
2.041205505111052
1.882196461298308
1.98317248733747
2.042634234060893
1.891086145271742
1.913379175443791
1.938118675302617
2.129234090885397
1.921321825789528
2.047965350160852
1.882799351867661
2.036205802252848
2.095950226143982
2.032617956372053
2.025058622859474
1.980525833913887
1.852774708930457
1.71404838010512
1.764158963756485
1.72490183348654
1.863081346252572
1.914024415341982
1.922317942727091
1.760298485299462
1.874981772806139
1.662294030997688
1.677191022829084
1.715477321242716
1.769524018909722
1.768526472807684
1.688830814982755
1.719822150232021
1.923853030115106
1.770047380894129
1.822404618206475
1.762823007619844
1.694619503747151
1.831962522479095
1.877038491786184
1.660575279037029
1.896255642319813
1.803272690157238
1.974367683968658
1.797818005905536
1.780050945038655
1.753966821632697
1.8663233280675
1.748395770182078
1.87517555920282
1.793520749923146
1.752732770625214
1.857195623680862
1.848900811614286
2.286496282054195
2.203960273524122
2.068848292360034
2.055409046576589
2.292743926939091
2.243505513837106
2.351688715359543
1.958040477828734
2.199377053467833
2.060595540497901
2.248159234439342
2.230731851634769
1.998401407558853
2.303400335552498
2.107201117888637
2.278218702194976
2.23858483982846
2.131281953039524
2.060496031989835
2.198063479427534
2.153947705214106
2.099856005373059
1.997806526319704
2.202728367298935
2.277445551851302
2.163734336952
2.228699886266811
2.202298740862667
2.010932805410425
2.107551672226448
2.115338305318514
2.187443005717136
2.327902391032689
2.399792070343838
2.018555370433338
2.151398752640514
2.311225999425034
2.55284956678816
2.66583910985978
2.093411339154151
2.125838694266231
2.501578798307158
2.461549843938014
2.447268614221045
2.213522277685515
2.250565075855459
2.598712006440944
2.330353436297822
2.416578675499157
2.410028362469156
2.226898698836831
2.401392228273946
2.504308497427286
2.254802671485618
2.051789231833861
2.325501540731034
2.543886153246117
2.6244255091488
2.193386594561548
2.450698617370986
2.20529986574232
2.23780880850809
2.334805701335558
2.298379180428054
2.425061058857527
2.55023016059179
2.432849674473281
2.392875851672662
2.391105090360981
2.634539384208811
2.409420526893867
2.439067108573059
2.508547299498375
2.478349589094495
2.163642972827567
2.124981593306837
2.262515685681423
2.356489948595289
2.3688493742855
2.004900093492422
2.326765130780708
2.289374302158862
2.155198988569881
2.097132554015952
2.302197266604899
2.129531570636686
2.167796585255379
2.1668761143967
2.069741426275565
2.30238162808678
2.217949308112841
2.269221190176488
2.139918465236602
2.283088720981085
2.183990131499639
2.129816014718262
2.265684510048759
2.079434277431413
2.200827118154839
2.15236106770898
2.24199660565641
2.072415258513156
2.114703317623213
2.265228933380231
2.128913482972362
2.169147735759822
2.255487362068142
2.130444609012401
2.134540196530924
2.175114390730174
1.990396197767503
2.008952946889201
2.080463592478019
2.028114228258763
2.019259828468363
1.931137743395744
1.999846456711539
1.989892323110039
1.828667083786867
2.052606559492199
2.12892038128459
2.030360603502174
1.961763491663266
1.853823949666762
2.090067114482664
2.192209355063348
1.960480577704603
1.98120718433422
1.81196874142702
2.152212639452712
1.945812311365058
2.032787330357058
2.036364890777802
1.945800342696214
2.109398326203687
2.079532531863986
1.926032906776063
2.117286658615104
2.073816362353943
2.103507906471242
1.920010669963162
1.899010435700789
2.134836437960923
2.034819478071673
2.289049760028467
1.99074420748595
1.999248183731204
2.113696692067592
1.958346869426619
2.072266118453908
2.204740759857106
2.253530364097081
2.145387302139548
2.283339056478139
1.995766341988189
2.026595471594182
2.093360230892651
2.096221608721109
2.062326024680937
1.970321609841443
1.952332308552188
1.905934816877812
2.017101173611301
2.2586704758951
2.275491063426594
2.165857635123278
1.99444014067943
2.079230499728306
2.105553249566251
2.034430568252043
2.033578392028357
2.214514944651474
2.273802246015543
2.148842079169872
2.158429340439803
2.18806998876852
2.106525887871855
2.057013593971468
2.098585642518525
2.008953608483936
1.972134272471619
2.022274703512227
2.317070208933818
2.170314856792831
2.33279028710879
1.86613290386256
1.800739695307178
1.882221323913392
1.942003270992239
1.941288011931225
1.766409921863887
1.852093572725647
1.801033475969454
1.891406435020095
1.973740030027561
1.83085192502879
1.716782507343392
1.886902627834163
1.948024860893907
1.76166217039173
1.830081191198209
1.916918138055903
1.868822516654283
1.865030979534253
1.856554827105146
1.777176577693514
1.886826105682881
1.753513769394186
1.888066760165352
2.00477837885949
1.757576292603794
1.948519321390397
1.751064041280746
1.951824899152313
1.836952574003813
1.927655243684265
1.774371277484817
1.691983892069636
1.889119401764016
1.855767661463245
1.829420592275614
1.854073790472627
2.265729335025331
2.211861252995648
2.100768999805958
2.250537233758618
2.25103658611967
2.117469545943871
2.070772281620726
2.117028502827515
2.124346654872661
2.10077336042239
2.045666441610473
2.128047077688604
2.024411201290467
2.101556597316825
2.149744288345445
1.87291741047824
2.066130858171205
1.962454075062962
2.244107544102041
2.170819673883723
2.185541415077704
2.375428104054948
2.114724642819635
2.001652173815231
2.106971548001739
2.024082317418318
2.22143055754916
2.332255304041458
2.276419136015795
2.104665925024722
1.849403873123891
2.020082408467796
2.03262059696498
2.126984850095424
2.126095214078724
2.311149371365441
2.358154118650481
2.009103185919201
1.89838741155307
1.908273811335426
1.989373749460988
1.95090072451984
1.98075053159205
1.856421789041598
1.950484074669778
1.961780216678532
2.077766791411704
1.913883956228499
1.928777273830792
1.828933358501928
2.089588077030958
1.915440224529497
1.94247305677993
1.876141509247646
2.024043931628813
1.900628397899791
1.851666331620765
1.763340249385192
2.109992147718861
2.025022030923012
2.060375052800369
1.893326440543405
1.992826722605899
1.920991793894068
1.88744355320327
1.811671095389684
1.988980003390767
1.731657416139656
2.011025928599885
1.918411406407533
1.902647178450618
1.948123793487579
2.025836412914592
2.013744998898038
1.714284158664057
1.670287409806992
1.747551627031313
1.693103143242359
1.798130471352334
1.93376651729861
1.702214205142436
1.671718900284539
1.779722204662906
1.754589392240798
1.794395087733197
1.733300352578272
1.685535539069003
1.783382358046849
1.715065223448895
1.719544519476749
1.781519486673619
1.846573273092054
1.810073631199225
1.682614698282602
1.782498735612623
1.670757130679248
1.750644046932
1.722032181513188
1.668364263006198
1.662984097223498
1.802683826546674
1.692154042012517
1.631327155677305
1.720261878003984
1.715173668293695
1.721771377423882
1.67711697361434
1.650549288567501
1.875019339663902
1.793126260723843
1.697960111437172
1.684028092647638
1.875834117747851
1.676238219148941
1.774749612401286
1.705715085917979
1.741846042150257
1.750483724146665
1.829516919815661
1.710017188821312
1.749061319079705
1.810569354931059
1.678563053098097
1.734135103161502
1.707788112234446
1.792940110315748
1.744865920994997
1.688369913221944
1.753329151942303
1.713938689456945
1.702153728280384
1.798524218848236
1.931104847295179
1.730319159696088
1.76861734384302
1.841048764394551
1.849737303341537
1.694244643690011
1.868049571939837
1.876754717451315
1.817070524771015
1.777818757407906
1.840276307685522
1.758268368368106
1.910727947219279
1.92010409977856
1.925943507089759
1.728906915516639
1.622743153596649
1.792716193242146
1.674270018163766
1.70210960945744
1.586778131585173
1.765734154810738
1.776034891901418
1.708407994052902
1.651385019262993
1.778863508344562
1.780658374478876
1.681601521934855
1.641104183202959
1.618165468139511
1.733861493090122
1.784464498663411
1.788296642800942
1.761924989011623
1.778223734456621
1.770538213720113
1.785719403766431
1.706792341887408
1.780783489293108
1.725872282675815
1.705797925689334
1.765203592284818
1.774203537605935
1.774250502014881
1.75431376676531
1.738865548288461
1.666917633445275
1.74571858541727
1.722883106539084
1.749878127459152
1.590519299078392
1.652232982000643
1.763985537126364
1.876893900239924
1.927013083163628
1.786378832187436
1.859754466745345
1.897672285599525
1.873971769076668
1.910556230893851
1.945384248470597
1.835430879462193
1.767119160096601
1.955191669201495
1.829932947626516
1.911602160342861
1.892720842350351
1.90550805645539
1.821577836806757
1.951135432458251
1.821481029962535
1.855619171549269
1.905653224174662
1.829509509365651
1.926500541259871
1.788239719618301
1.775543104674424
1.896002867054191
1.940191293009332
1.833902008702499
1.94352895692454
1.90418077566088
1.91779588373409
1.857782538018887
1.912802494284859
1.846321421207686
1.959213122610864
1.8639874013004
1.983721546725616
1.80935294938198
1.795235485767276
1.803931603518977
1.7590247195601
1.706796199509208
1.924573526401101
1.759746706240355
1.838767043688234
1.795136074678219
1.79426922061716
1.779934686800632
1.77959588745258
1.721581848536995
1.736179410738367
1.818006148175138
1.775755456146024
1.723755860018356
1.76478633166591
1.715828655674226
1.954051339307194
1.732896802831495
1.692239647269392
1.859763010845909
1.814731472976526
1.758619844102736
1.783028481385869
1.84722372087389
1.804148360825532
1.843382944173179
1.820121479121048
1.803263766003448
1.904645918057403
1.796697258504416
1.874902870858753
1.729672444014069
1.759595138687038
1.845708108369825
1.673965292612543
1.746073175004491
1.674041156528957
1.753584506124737
1.898586922699385
1.646782913476222
1.703133237840848
1.838760512649533
1.813429028353853
1.872897569819516
1.77618123171691
1.848459645440761
1.815679588942291
1.952445114526106
1.823035459708879
1.914807643722167
1.784307999071078
1.813518143771998
1.848294422647811
1.800412969471962
1.747927030093251
1.696505022399117
1.718342135908874
1.856586124167684
1.982998095394055
1.83216020460484
1.864428393720096
1.766014640561602
1.813844890623025
1.791506002313844
1.822244864148182
1.933409367638356
1.789349157971208
1.845200638435441
1.71297825310474
1.914041352806917
1.73739541052966
1.826751893315853
1.880724994244996
1.810310512598746
1.993443408297981
2.065320051184773
1.872648827366168
1.948549553390887
1.842205531981811
1.86004988295916
1.98055047240641
2.021672040912053
2.038735174450073
1.932699418308613
1.958631371218963
1.978159543289786
1.833357516216817
2.044527790454326
1.761674407914801
1.901801061652831
1.960481335320972
1.866360952431047
2.026642883634834
1.917628571682297
2.10347354421901
1.85979988219529
1.927503094731104
1.838134564540501
1.824664796307564
1.832193262368835
1.926618083998486
1.908496119923278
1.865278465662755
1.891534887874994
1.960442103057193
2.002863465723825
1.887441933911681
1.937660984416632
1.988871991718777
2.341880997834035
2.449628153737377
2.333681435094925
2.408844869097009
2.452673259192722
2.518986447373213
2.764874981123308
2.552790152899608
2.194869553692289
2.243917653921646
2.296144978945219
2.608534875271093
2.423214648139596
2.31706228352609
2.289932770762122
2.502341818501213
2.501515393542221
2.512298710730033
2.404790159816879
2.482390662477536
2.325208548592324
2.325846534830383
2.349738172393666
2.309372792594803
2.265108731727033
2.40651518098387
2.302613953791831
2.305532487460652
2.466558932157146
2.388058690738811
2.203617357167705
2.131712816384527
2.331777489483264
2.234061083006861
2.366560605031339
2.37357488296522
2.175830203475485
2.571808248000373
2.309211698067747
2.169502591797734
2.548144524132857
2.331340420438905
2.557645886457792
2.441749910299076
2.609432611812069
2.414292470947429
2.595120055300433
2.327303911961536
2.643043845798503
2.388849319855183
2.395237647840278
2.406332612593829
2.591983612214181
2.275018647621189
2.418430812650409
2.240248839460075
2.473284694898103
2.559562973952496
2.412446678720699
2.387246190567193
2.499860971216433
2.430232108200815
2.276518286063455
2.40964225264744
2.264302394847248
2.428416272652254
2.566313361038963
2.398219232033183
2.431873316496834
2.341658406473921
2.302605121625027
2.435263681350377
2.375972578568746
2.627647855122671
1.695245699908508
1.800819002940113
1.711476670965987
1.635395258320128
1.670603772834181
1.63400558094027
1.763452573280549
1.682147699887936
1.894061990982052
1.769193227454823
1.905447151349905
1.768352076960017
1.786201453122986
1.842281664554087
1.960267080702783
1.989294073634711
1.824920851466832
1.896649783605379
1.719483389459977
1.832033524559031
1.944631805243779
1.773970334735226
2.003934476996104
1.936462301242674
1.658700641171234
1.761334401858422
1.717455300391042
2.001941510357522
1.76494990422345
1.820601524055928
1.706323936803558
1.736942900061865
1.825085700917268
1.799358171115156
1.764799468581175
1.705811213784659
1.848612745016217
2.512360080905161
2.476726491364938
2.480985205933618
2.158752918762194
2.070072561183301
2.290743787488771
2.368755987187448
2.518797969751319
2.264535353988998
2.399734864616997
2.322292923617478
2.154790857515102
2.163587364317324
2.159078446014454
2.529318685937832
2.095801808299641
2.277938639857922
2.356790345454384
2.39423627242792
2.293792537935477
2.286741108099407
2.448012883393433
2.474647998380483
2.270590345453833
2.333201404212546
2.305196305587645
2.471306948804028
2.552065546484646
2.295667576452607
2.399204860632549
2.803988850674377
2.142403989057667
2.221551192844487
2.369499966026455
2.477926492004082
2.373816340403211
2.543965198142399
2.207053781617657
2.334673673675668
2.257544488624883
2.060757207593462
2.267571845619428
1.993917619322914
2.111509052984318
1.93454329149952
2.101980024386556
2.11039161322819
1.98371493271209
2.058434170179362
2.160980613595982
2.114719411525965
2.159327521720541
2.027446410964982
1.934892286914466
1.986150122987331
2.210280744864309
2.049346383533659
1.91315606876849
2.287154491221626
2.076343354501958
2.30260524057478
1.92464729013336
2.205413510459456
2.150505523874905
1.986208045977168
2.090884955209482
2.153841339578417
2.030368444441581
2.106664996038084
1.967671868817565
2.225955909829942
2.019333823505355
2.292091384948941
2.276686222173046
